Dealyed LED-Capacitor
$ 1 5.0E-6 382.76258214399064 50 5.0 43
s 400 96 464 96 0 0 false
v 464 368 464 96 0 0 40.0 12.0 0.0 0.0 0.5
w 304 96 400 96 0
w 304 272 304 368 0
w 304 368 464 368 0
w 304 368 224 368 0
w 224 368 224 320 0
w 224 240 224 176 0
w 224 96 304 96 0
c 304 192 304 272 0 0.0010 11.999999999986604
r 224 96 224 176 0 1000.0
162 224 240 224 320 1 2.1024259 1.0 0.0 0.0
r 304 96 304 192 0 10.0



Flashing LED
$ 1 5.0E-6 382.76258214399064 50 5.0 43
s 400 96 464 96 0 0 false
v 464 368 464 96 0 0 40.0 12.0 0.0 0.0 0.5
w 304 96 400 96 0
w 304 272 304 368 0
w 304 368 464 368 0
w 304 368 224 368 0
w 224 368 224 320 0
w 224 240 224 176 0
w 224 96 304 96 0
c 304 192 304 272 0 0.0010 11.999999999986604
r 224 96 224 176 0 1000.0
162 224 240 224 320 1 2.1024259 1.0 0.0 0.0
r 304 96 304 192 0 10.0
